 logsize days   chamber ozone year   tree
  4.51 152.00   1.00   1.00  88.00   1.00
  4.98 174.00   1.00   1.00  88.00   1.00
  5.41 201.00   1.00   1.00  88.00   1.00
  5.90 227.00   1.00   1.00  88.00   1.00
  6.15 258.00   1.00   1.00  88.00   1.00
  6.16 469.00   1.00   1.00  89.00   1.00
  6.18 496.00   1.00   1.00  89.00   1.00
  6.48 528.00   1.00   1.00  89.00   1.00
  6.65 556.00   1.00   1.00  89.00   1.00
  6.87 579.00   1.00   1.00  89.00   1.00
  6.95 613.00   1.00   1.00  89.00   1.00
  6.99 639.00   1.00   1.00  89.00   1.00
  7.04 674.00   1.00   1.00  89.00   1.00
  4.24 152.00   1.00   1.00  88.00   2.00
  4.20 174.00   1.00   1.00  88.00   2.00
  4.68 201.00   1.00   1.00  88.00   2.00
  4.92 227.00   1.00   1.00  88.00   2.00
  4.96 258.00   1.00   1.00  88.00   2.00
  5.20 469.00   1.00   1.00  89.00   2.00
  5.22 496.00   1.00   1.00  89.00   2.00
  5.39 528.00   1.00   1.00  89.00   2.00
  5.65 556.00   1.00   1.00  89.00   2.00
  5.71 579.00   1.00   1.00  89.00   2.00
  5.78 613.00   1.00   1.00  89.00   2.00
  5.82 639.00   1.00   1.00  89.00   2.00
  5.85 674.00   1.00   1.00  89.00   2.00
  3.98 152.00   1.00   1.00  88.00   3.00
  4.36 174.00   1.00   1.00  88.00   3.00
  4.79 201.00   1.00   1.00  88.00   3.00
  4.99 227.00   1.00   1.00  88.00   3.00
  5.03 258.00   1.00   1.00  88.00   3.00
  5.87 469.00   1.00   1.00  89.00   3.00
  5.88 496.00   1.00   1.00  89.00   3.00
  6.04 528.00   1.00   1.00  89.00   3.00
  6.34 556.00   1.00   1.00  89.00   3.00
  6.49 579.00   1.00   1.00  89.00   3.00
  6.58 613.00   1.00   1.00  89.00   3.00
  6.65 639.00   1.00   1.00  89.00   3.00
  6.61 674.00   1.00   1.00  89.00   3.00
  4.36 152.00   1.00   1.00  88.00   4.00
  4.77 174.00   1.00   1.00  88.00   4.00
  5.10 201.00   1.00   1.00  88.00   4.00
  5.30 227.00   1.00   1.00  88.00   4.00
  5.36 258.00   1.00   1.00  88.00   4.00
  5.53 469.00   1.00   1.00  89.00   4.00
  5.56 496.00   1.00   1.00  89.00   4.00
  5.68 528.00   1.00   1.00  89.00   4.00
  5.93 556.00   1.00   1.00  89.00   4.00
  6.21 579.00   1.00   1.00  89.00   4.00
  6.26 613.00   1.00   1.00  89.00   4.00
  6.20 639.00   1.00   1.00  89.00   4.00
  6.19 674.00   1.00   1.00  89.00   4.00
  4.34 152.00   1.00   1.00  88.00   5.00
  4.95 174.00   1.00   1.00  88.00   5.00
  5.42 201.00   1.00   1.00  88.00   5.00
  5.97 227.00   1.00   1.00  88.00   5.00
  6.28 258.00   1.00   1.00  88.00   5.00
  6.50 469.00   1.00   1.00  89.00   5.00
  6.50 496.00   1.00   1.00  89.00   5.00
  6.79 528.00   1.00   1.00  89.00   5.00
  6.83 556.00   1.00   1.00  89.00   5.00
  7.10 579.00   1.00   1.00  89.00   5.00
  7.17 613.00   1.00   1.00  89.00   5.00
  7.21 639.00   1.00   1.00  89.00   5.00
  7.16 674.00   1.00   1.00  89.00   5.00
  4.59 152.00   1.00   1.00  88.00   6.00
  5.08 174.00   1.00   1.00  88.00   6.00
  5.36 201.00   1.00   1.00  88.00   6.00
  5.76 227.00   1.00   1.00  88.00   6.00
  6.00 258.00   1.00   1.00  88.00   6.00
  6.33 469.00   1.00   1.00  89.00   6.00
  6.34 496.00   1.00   1.00  89.00   6.00
  6.39 528.00   1.00   1.00  89.00   6.00
  6.78 556.00   1.00   1.00  89.00   6.00
  6.91 579.00   1.00   1.00  89.00   6.00
  6.99 613.00   1.00   1.00  89.00   6.00
  7.01 639.00   1.00   1.00  89.00   6.00
  7.05 674.00   1.00   1.00  89.00   6.00
  4.41 152.00   1.00   1.00  88.00   7.00
  4.56 174.00   1.00   1.00  88.00   7.00
  4.95 201.00   1.00   1.00  88.00   7.00
  5.23 227.00   1.00   1.00  88.00   7.00
  5.33 258.00   1.00   1.00  88.00   7.00
  6.13 469.00   1.00   1.00  89.00   7.00
  6.14 496.00   1.00   1.00  89.00   7.00
  6.36 528.00   1.00   1.00  89.00   7.00
  6.57 556.00   1.00   1.00  89.00   7.00
  6.78 579.00   1.00   1.00  89.00   7.00
  6.82 613.00   1.00   1.00  89.00   7.00
  6.81 639.00   1.00   1.00  89.00   7.00
  6.86 674.00   1.00   1.00  89.00   7.00
  4.24 152.00   1.00   1.00  88.00   8.00
  4.64 174.00   1.00   1.00  88.00   8.00
  4.95 201.00   1.00   1.00  88.00   8.00
  5.38 227.00   1.00   1.00  88.00   8.00
  5.48 258.00   1.00   1.00  88.00   8.00
  5.61 469.00   1.00   1.00  89.00   8.00
  5.63 496.00   1.00   1.00  89.00   8.00
  5.82 528.00   1.00   1.00  89.00   8.00
  6.18 556.00   1.00   1.00  89.00   8.00
  6.42 579.00   1.00   1.00  89.00   8.00
  6.48 613.00   1.00   1.00  89.00   8.00
  6.47 639.00   1.00   1.00  89.00   8.00
  6.46 674.00   1.00   1.00  89.00   8.00
  4.82 152.00   1.00   1.00  88.00   9.00
  5.17 174.00   1.00   1.00  88.00   9.00
  5.76 201.00   1.00   1.00  88.00   9.00
  6.12 227.00   1.00   1.00  88.00   9.00
  6.24 258.00   1.00   1.00  88.00   9.00
  6.48 469.00   1.00   1.00  89.00   9.00
  6.50 496.00   1.00   1.00  89.00   9.00
  6.77 528.00   1.00   1.00  89.00   9.00
  7.14 556.00   1.00   1.00  89.00   9.00
  7.26 579.00   1.00   1.00  89.00   9.00
  7.30 613.00   1.00   1.00  89.00   9.00
  6.91 639.00   1.00   1.00  89.00   9.00
  7.28 674.00   1.00   1.00  89.00   9.00
  3.84 152.00   1.00   1.00  88.00  10.00
  4.17 174.00   1.00   1.00  88.00  10.00
  4.67 201.00   1.00   1.00  88.00  10.00
  4.67 227.00   1.00   1.00  88.00  10.00
  4.80 258.00   1.00   1.00  88.00  10.00
  4.94 469.00   1.00   1.00  89.00  10.00
  4.94 496.00   1.00   1.00  89.00  10.00
  5.05 528.00   1.00   1.00  89.00  10.00
  5.33 556.00   1.00   1.00  89.00  10.00
  5.53 579.00   1.00   1.00  89.00  10.00
  5.56 613.00   1.00   1.00  89.00  10.00
  5.57 639.00   1.00   1.00  89.00  10.00
  5.60 674.00   1.00   1.00  89.00  10.00
  4.07 152.00   1.00   1.00  88.00  11.00
  4.31 174.00   1.00   1.00  88.00  11.00
  4.90 201.00   1.00   1.00  88.00  11.00
  5.10 227.00   1.00   1.00  88.00  11.00
  5.10 258.00   1.00   1.00  88.00  11.00
  5.26 469.00   1.00   1.00  89.00  11.00
  5.26 496.00   1.00   1.00  89.00  11.00
  5.38 528.00   1.00   1.00  89.00  11.00
  5.66 556.00   1.00   1.00  89.00  11.00
  5.81 579.00   1.00   1.00  89.00  11.00
  5.84 613.00   1.00   1.00  89.00  11.00
  5.93 639.00   1.00   1.00  89.00  11.00
  5.89 674.00   1.00   1.00  89.00  11.00
  4.28 152.00   1.00   1.00  88.00  12.00
  4.80 174.00   1.00   1.00  88.00  12.00
  5.27 201.00   1.00   1.00  88.00  12.00
  5.55 227.00   1.00   1.00  88.00  12.00
  5.65 258.00   1.00   1.00  88.00  12.00
  5.76 469.00   1.00   1.00  89.00  12.00
  5.77 496.00   1.00   1.00  89.00  12.00
  5.98 528.00   1.00   1.00  89.00  12.00
  6.18 556.00   1.00   1.00  89.00  12.00
  6.39 579.00   1.00   1.00  89.00  12.00
  6.43 613.00   1.00   1.00  89.00  12.00
  6.44 639.00   1.00   1.00  89.00  12.00
  6.41 674.00   1.00   1.00  89.00  12.00
  4.47 152.00   1.00   1.00  88.00  13.00
  4.89 174.00   1.00   1.00  88.00  13.00
  5.23 201.00   1.00   1.00  88.00  13.00
  5.55 227.00   1.00   1.00  88.00  13.00
  5.74 258.00   1.00   1.00  88.00  13.00
  5.99 469.00   1.00   1.00  89.00  13.00
  6.01 496.00   1.00   1.00  89.00  13.00
  6.08 528.00   1.00   1.00  89.00  13.00
  6.39 556.00   1.00   1.00  89.00  13.00
  6.45 579.00   1.00   1.00  89.00  13.00
  6.57 613.00   1.00   1.00  89.00  13.00
  6.57 639.00   1.00   1.00  89.00  13.00
  6.58 674.00   1.00   1.00  89.00  13.00
  4.46 152.00   1.00   1.00  88.00  14.00
  4.84 174.00   1.00   1.00  88.00  14.00
  5.11 201.00   1.00   1.00  88.00  14.00
  5.34 227.00   1.00   1.00  88.00  14.00
  5.46 258.00   1.00   1.00  88.00  14.00
  5.47 469.00   1.00   1.00  89.00  14.00
  5.49 496.00   1.00   1.00  89.00  14.00
  5.70 528.00   1.00   1.00  89.00  14.00
  5.93 556.00   1.00   1.00  89.00  14.00
  6.06 579.00   1.00   1.00  89.00  14.00
  6.15 613.00   1.00   1.00  89.00  14.00
  6.12 639.00   1.00   1.00  89.00  14.00
  6.12 674.00   1.00   1.00  89.00  14.00
  4.60 152.00   1.00   1.00  88.00  15.00
  4.08 174.00   1.00   1.00  88.00  15.00
  4.17 201.00   1.00   1.00  88.00  15.00
  4.35 227.00   1.00   1.00  88.00  15.00
  4.59 258.00   1.00   1.00  88.00  15.00
  4.65 469.00   1.00   1.00  89.00  15.00
  4.69 496.00   1.00   1.00  89.00  15.00
  5.01 528.00   1.00   1.00  89.00  15.00
  5.21 556.00   1.00   1.00  89.00  15.00
  5.38 579.00   1.00   1.00  89.00  15.00
  5.58 613.00   1.00   1.00  89.00  15.00
  5.46 639.00   1.00   1.00  89.00  15.00
  5.50 674.00   1.00   1.00  89.00  15.00
  3.73 152.00   1.00   1.00  88.00  16.00
  4.15 174.00   1.00   1.00  88.00  16.00
  4.61 201.00   1.00   1.00  88.00  16.00
  4.87 227.00   1.00   1.00  88.00  16.00
  4.93 258.00   1.00   1.00  88.00  16.00
  5.24 469.00   1.00   1.00  89.00  16.00
  5.25 496.00   1.00   1.00  89.00  16.00
  5.25 528.00   1.00   1.00  89.00  16.00
  5.45 556.00   1.00   1.00  89.00  16.00
  5.65 579.00   1.00   1.00  89.00  16.00
  5.65 613.00   1.00   1.00  89.00  16.00
  5.76 639.00   1.00   1.00  89.00  16.00
  5.83 674.00   1.00   1.00  89.00  16.00
  4.67 152.00   1.00   1.00  88.00  17.00
  4.88 174.00   1.00   1.00  88.00  17.00
  5.18 201.00   1.00   1.00  88.00  17.00
  5.34 227.00   1.00   1.00  88.00  17.00
  5.49 258.00   1.00   1.00  88.00  17.00
  6.44 469.00   1.00   1.00  89.00  17.00
  6.44 496.00   1.00   1.00  89.00  17.00
  6.61 528.00   1.00   1.00  89.00  17.00
  6.74 556.00   1.00   1.00  89.00  17.00
  7.06 579.00   1.00   1.00  89.00  17.00
  7.11 613.00   1.00   1.00  89.00  17.00
  7.04 639.00   1.00   1.00  89.00  17.00
  7.11 674.00   1.00   1.00  89.00  17.00
  2.96 152.00   1.00   1.00  88.00  18.00
  3.47 174.00   1.00   1.00  88.00  18.00
  3.76 201.00   1.00   1.00  88.00  18.00
  3.89 227.00   1.00   1.00  88.00  18.00
  4.30 258.00   1.00   1.00  88.00  18.00
  4.15 469.00   1.00   1.00  89.00  18.00
  4.15 496.00   1.00   1.00  89.00  18.00
  4.41 528.00   1.00   1.00  89.00  18.00
  4.72 556.00   1.00   1.00  89.00  18.00
  4.76 579.00   1.00   1.00  89.00  18.00
  4.93 613.00   1.00   1.00  89.00  18.00
  4.98 639.00   1.00   1.00  89.00  18.00
  5.07 674.00   1.00   1.00  89.00  18.00
  3.24 152.00   1.00   1.00  88.00  19.00
  3.93 174.00   1.00   1.00  88.00  19.00
  4.76 201.00   1.00   1.00  88.00  19.00
  4.62 227.00   1.00   1.00  88.00  19.00
  4.64 258.00   1.00   1.00  88.00  19.00
  4.63 469.00   1.00   1.00  89.00  19.00
  4.64 496.00   1.00   1.00  89.00  19.00
  4.77 528.00   1.00   1.00  89.00  19.00
  5.08 556.00   1.00   1.00  89.00  19.00
  5.27 579.00   1.00   1.00  89.00  19.00
  5.30 613.00   1.00   1.00  89.00  19.00
  5.43 639.00   1.00   1.00  89.00  19.00
  5.20 674.00   1.00   1.00  89.00  19.00
  4.36 152.00   1.00   1.00  88.00  20.00
  4.77 174.00   1.00   1.00  88.00  20.00
  5.02 201.00   1.00   1.00  88.00  20.00
  5.26 227.00   1.00   1.00  88.00  20.00
  5.45 258.00   1.00   1.00  88.00  20.00
  5.44 469.00   1.00   1.00  89.00  20.00
  5.44 496.00   1.00   1.00  89.00  20.00
  5.49 528.00   1.00   1.00  89.00  20.00
  5.73 556.00   1.00   1.00  89.00  20.00
  5.77 579.00   1.00   1.00  89.00  20.00
  6.01 613.00   1.00   1.00  89.00  20.00
  5.96 639.00   1.00   1.00  89.00  20.00
  5.96 674.00   1.00   1.00  89.00  20.00
  4.04 152.00   1.00   1.00  88.00  21.00
  4.64 174.00   1.00   1.00  88.00  21.00
  4.86 201.00   1.00   1.00  88.00  21.00
  5.09 227.00   1.00   1.00  88.00  21.00
  5.25 258.00   1.00   1.00  88.00  21.00
  5.25 469.00   1.00   1.00  89.00  21.00
  5.27 496.00   1.00   1.00  89.00  21.00
  5.50 528.00   1.00   1.00  89.00  21.00
  5.65 556.00   1.00   1.00  89.00  21.00
  5.69 579.00   1.00   1.00  89.00  21.00
  5.97 613.00   1.00   1.00  89.00  21.00
  5.97 639.00   1.00   1.00  89.00  21.00
  5.89 674.00   1.00   1.00  89.00  21.00
  3.53 152.00   1.00   1.00  88.00  22.00
  4.25 174.00   1.00   1.00  88.00  22.00
  4.68 201.00   1.00   1.00  88.00  22.00
  4.97 227.00   1.00   1.00  88.00  22.00
  5.18 258.00   1.00   1.00  88.00  22.00
  5.64 469.00   1.00   1.00  89.00  22.00
  5.64 496.00   1.00   1.00  89.00  22.00
  5.53 528.00   1.00   1.00  89.00  22.00
  5.74 556.00   1.00   1.00  89.00  22.00
  5.78 579.00   1.00   1.00  89.00  22.00
  5.94 613.00   1.00   1.00  89.00  22.00
  6.18 639.00   1.00   1.00  89.00  22.00
  5.99 674.00   1.00   1.00  89.00  22.00
  4.22 152.00   1.00   1.00  88.00  23.00
  4.69 174.00   1.00   1.00  88.00  23.00
  5.07 201.00   1.00   1.00  88.00  23.00
  5.37 227.00   1.00   1.00  88.00  23.00
  5.58 258.00   1.00   1.00  88.00  23.00
  5.76 469.00   1.00   1.00  89.00  23.00
  5.80 496.00   1.00   1.00  89.00  23.00
  6.11 528.00   1.00   1.00  89.00  23.00
  6.37 556.00   1.00   1.00  89.00  23.00
  6.35 579.00   1.00   1.00  89.00  23.00
  6.58 613.00   1.00   1.00  89.00  23.00
  6.55 639.00   1.00   1.00  89.00  23.00
  6.55 674.00   1.00   1.00  89.00  23.00
  2.79 152.00   1.00   1.00  88.00  24.00
  3.10 174.00   1.00   1.00  88.00  24.00
  3.30 201.00   1.00   1.00  88.00  24.00
  3.38 227.00   1.00   1.00  88.00  24.00
  3.55 258.00   1.00   1.00  88.00  24.00
  3.61 469.00   1.00   1.00  89.00  24.00
  3.65 496.00   1.00   1.00  89.00  24.00
  3.93 528.00   1.00   1.00  89.00  24.00
  4.18 556.00   1.00   1.00  89.00  24.00
  4.13 579.00   1.00   1.00  89.00  24.00
  4.36 613.00   1.00   1.00  89.00  24.00
  4.43 639.00   1.00   1.00  89.00  24.00
  4.39 674.00   1.00   1.00  89.00  24.00
  3.30 152.00   1.00   1.00  88.00  25.00
  3.90 174.00   1.00   1.00  88.00  25.00
  4.34 201.00   1.00   1.00  88.00  25.00
  4.96 227.00   1.00   1.00  88.00  25.00
  5.40 258.00   1.00   1.00  88.00  25.00
  5.46 469.00   1.00   1.00  89.00  25.00
  5.49 496.00   1.00   1.00  89.00  25.00
  5.77 528.00   1.00   1.00  89.00  25.00
  6.03 556.00   1.00   1.00  89.00  25.00
  6.07 579.00   1.00   1.00  89.00  25.00
  6.20 613.00   1.00   1.00  89.00  25.00
  6.26 639.00   1.00   1.00  89.00  25.00
  6.28 674.00   1.00   1.00  89.00  25.00
  3.34 152.00   1.00   1.00  88.00  26.00
  3.81 174.00   1.00   1.00  88.00  26.00
  4.21 201.00   1.00   1.00  88.00  26.00
  4.54 227.00   1.00   1.00  88.00  26.00
  4.86 258.00   1.00   1.00  88.00  26.00
  4.93 469.00   1.00   1.00  89.00  26.00
  4.96 496.00   1.00   1.00  89.00  26.00
  5.15 528.00   1.00   1.00  89.00  26.00
  5.48 556.00   1.00   1.00  89.00  26.00
  5.49 579.00   1.00   1.00  89.00  26.00
  5.70 613.00   1.00   1.00  89.00  26.00
  5.74 639.00   1.00   1.00  89.00  26.00
  5.74 674.00   1.00   1.00  89.00  26.00
  3.76 152.00   1.00   1.00  88.00  27.00
  4.36 174.00   1.00   1.00  88.00  27.00
  4.70 201.00   1.00   1.00  88.00  27.00
  5.44 227.00   1.00   1.00  88.00  27.00
  5.32 258.00   1.00   1.00  88.00  27.00
  5.65 469.00   1.00   1.00  89.00  27.00
  5.67 496.00   1.00   1.00  89.00  27.00
  5.63 528.00   1.00   1.00  89.00  27.00
  6.04 556.00   1.00   1.00  89.00  27.00
  6.02 579.00   1.00   1.00  89.00  27.00
  6.05 613.00   1.00   1.00  89.00  27.00
  6.03 639.00   1.00   1.00  89.00  27.00
  5.91 674.00   1.00   1.00  89.00  27.00
  4.49 152.00   2.00   1.00  88.00  28.00
  4.76 174.00   2.00   1.00  88.00  28.00
  5.15 201.00   2.00   1.00  88.00  28.00
  5.37 227.00   2.00   1.00  88.00  28.00
  5.56 258.00   2.00   1.00  88.00  28.00
  5.73 469.00   2.00   1.00  89.00  28.00
  5.73 496.00   2.00   1.00  89.00  28.00
  5.80 528.00   2.00   1.00  89.00  28.00
  5.97 556.00   2.00   1.00  89.00  28.00
  6.10 579.00   2.00   1.00  89.00  28.00
  6.16 613.00   2.00   1.00  89.00  28.00
  6.22 639.00   2.00   1.00  89.00  28.00
  6.13 674.00   2.00   1.00  89.00  28.00
  4.88 152.00   2.00   1.00  88.00  29.00
  5.14 174.00   2.00   1.00  88.00  29.00
  5.52 201.00   2.00   1.00  88.00  29.00
  6.08 227.00   2.00   1.00  88.00  29.00
  6.17 258.00   2.00   1.00  88.00  29.00
  6.32 469.00   2.00   1.00  89.00  29.00
  6.33 496.00   2.00   1.00  89.00  29.00
  6.37 528.00   2.00   1.00  89.00  29.00
  6.68 556.00   2.00   1.00  89.00  29.00
  6.83 579.00   2.00   1.00  89.00  29.00
  6.94 613.00   2.00   1.00  89.00  29.00
  6.93 639.00   2.00   1.00  89.00  29.00
  6.95 674.00   2.00   1.00  89.00  29.00
  4.88 152.00   2.00   1.00  88.00  30.00
  5.32 174.00   2.00   1.00  88.00  30.00
  5.63 201.00   2.00   1.00  88.00  30.00
  5.75 227.00   2.00   1.00  88.00  30.00
  5.94 258.00   2.00   1.00  88.00  30.00
  6.09 469.00   2.00   1.00  89.00  30.00
  6.09 496.00   2.00   1.00  89.00  30.00
  6.14 528.00   2.00   1.00  89.00  30.00
  6.51 556.00   2.00   1.00  89.00  30.00
  6.61 579.00   2.00   1.00  89.00  30.00
  6.68 613.00   2.00   1.00  89.00  30.00
  6.64 639.00   2.00   1.00  89.00  30.00
  6.74 674.00   2.00   1.00  89.00  30.00
  3.80 152.00   2.00   1.00  88.00  31.00
  4.16 174.00   2.00   1.00  88.00  31.00
  4.45 201.00   2.00   1.00  88.00  31.00
  4.89 227.00   2.00   1.00  88.00  31.00
  5.05 258.00   2.00   1.00  88.00  31.00
  5.06 469.00   2.00   1.00  89.00  31.00
  5.06 496.00   2.00   1.00  89.00  31.00
  5.13 528.00   2.00   1.00  89.00  31.00
  5.32 556.00   2.00   1.00  89.00  31.00
  5.46 579.00   2.00   1.00  89.00  31.00
  5.46 613.00   2.00   1.00  89.00  31.00
  5.42 639.00   2.00   1.00  89.00  31.00
  5.49 674.00   2.00   1.00  89.00  31.00
  4.46 152.00   2.00   1.00  88.00  32.00
  4.62 174.00   2.00   1.00  88.00  32.00
  5.00 201.00   2.00   1.00  88.00  32.00
  5.40 227.00   2.00   1.00  88.00  32.00
  5.49 258.00   2.00   1.00  88.00  32.00
  5.68 469.00   2.00   1.00  89.00  32.00
  5.72 496.00   2.00   1.00  89.00  32.00
  5.95 528.00   2.00   1.00  89.00  32.00
  6.13 556.00   2.00   1.00  89.00  32.00
  6.32 579.00   2.00   1.00  89.00  32.00
  6.33 613.00   2.00   1.00  89.00  32.00
  6.33 639.00   2.00   1.00  89.00  32.00
  6.30 674.00   2.00   1.00  89.00  32.00
  4.29 152.00   2.00   1.00  88.00  33.00
  4.82 174.00   2.00   1.00  88.00  33.00
  5.32 201.00   2.00   1.00  88.00  33.00
  5.46 227.00   2.00   1.00  88.00  33.00
  5.50 258.00   2.00   1.00  88.00  33.00
  5.54 469.00   2.00   1.00  89.00  33.00
  5.54 496.00   2.00   1.00  89.00  33.00
  5.54 528.00   2.00   1.00  89.00  33.00
  5.60 556.00   2.00   1.00  89.00  33.00
  5.57 579.00   2.00   1.00  89.00  33.00
  5.55 613.00   2.00   1.00  89.00  33.00
  5.55 639.00   2.00   1.00  89.00  33.00
  5.55 674.00   2.00   1.00  89.00  33.00
  4.06 152.00   2.00   1.00  88.00  34.00
  4.58 174.00   2.00   1.00  88.00  34.00
  4.81 201.00   2.00   1.00  88.00  34.00
  5.12 227.00   2.00   1.00  88.00  34.00
  5.27 258.00   2.00   1.00  88.00  34.00
  5.48 469.00   2.00   1.00  89.00  34.00
  5.51 496.00   2.00   1.00  89.00  34.00
  5.58 528.00   2.00   1.00  89.00  34.00
  5.93 556.00   2.00   1.00  89.00  34.00
  6.36 579.00   2.00   1.00  89.00  34.00
  6.17 613.00   2.00   1.00  89.00  34.00
  6.07 639.00   2.00   1.00  89.00  34.00
  6.13 674.00   2.00   1.00  89.00  34.00
  5.16 152.00   2.00   1.00  88.00  35.00
  5.43 174.00   2.00   1.00  88.00  35.00
  5.71 201.00   2.00   1.00  88.00  35.00
  6.08 227.00   2.00   1.00  88.00  35.00
  6.21 258.00   2.00   1.00  88.00  35.00
  6.37 469.00   2.00   1.00  89.00  35.00
  6.38 496.00   2.00   1.00  89.00  35.00
  6.41 528.00   2.00   1.00  89.00  35.00
  6.64 556.00   2.00   1.00  89.00  35.00
  6.82 579.00   2.00   1.00  89.00  35.00
  6.89 613.00   2.00   1.00  89.00  35.00
  7.11 639.00   2.00   1.00  89.00  35.00
  7.14 674.00   2.00   1.00  89.00  35.00
  3.81 152.00   2.00   1.00  88.00  36.00
  4.12 174.00   2.00   1.00  88.00  36.00
  4.42 201.00   2.00   1.00  88.00  36.00
  4.62 227.00   2.00   1.00  88.00  36.00
  4.60 258.00   2.00   1.00  88.00  36.00
  4.74 469.00   2.00   1.00  89.00  36.00
  4.76 496.00   2.00   1.00  89.00  36.00
  4.94 528.00   2.00   1.00  89.00  36.00
  5.10 556.00   2.00   1.00  89.00  36.00
  5.21 579.00   2.00   1.00  89.00  36.00
  5.23 613.00   2.00   1.00  89.00  36.00
  5.22 639.00   2.00   1.00  89.00  36.00
  5.23 674.00   2.00   1.00  89.00  36.00
  5.09 152.00   2.00   1.00  88.00  37.00
  5.62 174.00   2.00   1.00  88.00  37.00
  5.90 201.00   2.00   1.00  88.00  37.00
  6.36 227.00   2.00   1.00  88.00  37.00
  6.49 258.00   2.00   1.00  88.00  37.00
  6.72 469.00   2.00   1.00  89.00  37.00
  6.72 496.00   2.00   1.00  89.00  37.00
  6.74 528.00   2.00   1.00  89.00  37.00
  6.87 556.00   2.00   1.00  89.00  37.00
  6.87 579.00   2.00   1.00  89.00  37.00
  6.87 613.00   2.00   1.00  89.00  37.00
  6.83 639.00   2.00   1.00  89.00  37.00
  6.97 674.00   2.00   1.00  89.00  37.00
  4.13 152.00   2.00   1.00  88.00  38.00
  4.71 174.00   2.00   1.00  88.00  38.00
  5.27 201.00   2.00   1.00  88.00  38.00
  5.56 227.00   2.00   1.00  88.00  38.00
  5.72 258.00   2.00   1.00  88.00  38.00
  6.06 469.00   2.00   1.00  89.00  38.00
  6.06 496.00   2.00   1.00  89.00  38.00
  6.21 528.00   2.00   1.00  89.00  38.00
  6.44 556.00   2.00   1.00  89.00  38.00
  6.66 579.00   2.00   1.00  89.00  38.00
  6.71 613.00   2.00   1.00  89.00  38.00
  6.65 639.00   2.00   1.00  89.00  38.00
  6.64 674.00   2.00   1.00  89.00  38.00
  4.85 152.00   2.00   1.00  88.00  39.00
  5.36 174.00   2.00   1.00  88.00  39.00
  5.52 201.00   2.00   1.00  88.00  39.00
  5.96 227.00   2.00   1.00  88.00  39.00
  6.13 258.00   2.00   1.00  88.00  39.00
  6.22 469.00   2.00   1.00  89.00  39.00
  6.24 496.00   2.00   1.00  89.00  39.00
  6.41 528.00   2.00   1.00  89.00  39.00
  6.58 556.00   2.00   1.00  89.00  39.00
  6.78 579.00   2.00   1.00  89.00  39.00
  6.83 613.00   2.00   1.00  89.00  39.00
  6.82 639.00   2.00   1.00  89.00  39.00
  6.80 674.00   2.00   1.00  89.00  39.00
  4.11 152.00   2.00   1.00  88.00  40.00
  4.62 174.00   2.00   1.00  88.00  40.00
  4.95 201.00   2.00   1.00  88.00  40.00
  5.28 227.00   2.00   1.00  88.00  40.00
  5.43 258.00   2.00   1.00  88.00  40.00
  5.80 469.00   2.00   1.00  89.00  40.00
  5.80 496.00   2.00   1.00  89.00  40.00
  5.87 528.00   2.00   1.00  89.00  40.00
  6.20 556.00   2.00   1.00  89.00  40.00
  6.44 579.00   2.00   1.00  89.00  40.00
  6.44 613.00   2.00   1.00  89.00  40.00
  6.40 639.00   2.00   1.00  89.00  40.00
  6.44 674.00   2.00   1.00  89.00  40.00
  4.95 152.00   2.00   1.00  88.00  41.00
  5.39 174.00   2.00   1.00  88.00  41.00
  5.82 201.00   2.00   1.00  88.00  41.00
  6.42 227.00   2.00   1.00  88.00  41.00
  6.48 258.00   2.00   1.00  88.00  41.00
  6.61 469.00   2.00   1.00  89.00  41.00
  6.61 496.00   2.00   1.00  89.00  41.00
  6.66 528.00   2.00   1.00  89.00  41.00
  6.73 556.00   2.00   1.00  89.00  41.00
  6.83 579.00   2.00   1.00  89.00  41.00
  6.90 613.00   2.00   1.00  89.00  41.00
  6.83 639.00   2.00   1.00  89.00  41.00
  6.63 674.00   2.00   1.00  89.00  41.00
  4.36 152.00   2.00   1.00  88.00  42.00
  4.65 174.00   2.00   1.00  88.00  42.00
  5.04 201.00   2.00   1.00  88.00  42.00
  5.38 227.00   2.00   1.00  88.00  42.00
  5.47 258.00   2.00   1.00  88.00  42.00
  5.48 469.00   2.00   1.00  89.00  42.00
  5.48 496.00   2.00   1.00  89.00  42.00
  5.47 528.00   2.00   1.00  89.00  42.00
  5.84 556.00   2.00   1.00  89.00  42.00
  5.97 579.00   2.00   1.00  89.00  42.00
  5.93 613.00   2.00   1.00  89.00  42.00
  5.95 639.00   2.00   1.00  89.00  42.00
  6.01 674.00   2.00   1.00  89.00  42.00
  4.05 152.00   2.00   1.00  88.00  43.00
  4.65 174.00   2.00   1.00  88.00  43.00
  5.09 201.00   2.00   1.00  88.00  43.00
  5.44 227.00   2.00   1.00  88.00  43.00
  5.60 258.00   2.00   1.00  88.00  43.00
  5.79 469.00   2.00   1.00  89.00  43.00
  5.80 496.00   2.00   1.00  89.00  43.00
  6.07 528.00   2.00   1.00  89.00  43.00
  6.14 556.00   2.00   1.00  89.00  43.00
  6.30 579.00   2.00   1.00  89.00  43.00
  6.32 613.00   2.00   1.00  89.00  43.00
  6.34 639.00   2.00   1.00  89.00  43.00
  6.42 674.00   2.00   1.00  89.00  43.00
  3.76 152.00   2.00   1.00  88.00  44.00
  4.27 174.00   2.00   1.00  88.00  44.00
  4.59 201.00   2.00   1.00  88.00  44.00
  5.10 227.00   2.00   1.00  88.00  44.00
  5.25 258.00   2.00   1.00  88.00  44.00
  5.41 469.00   2.00   1.00  89.00  44.00
  5.44 496.00   2.00   1.00  89.00  44.00
  5.48 528.00   2.00   1.00  89.00  44.00
  5.93 556.00   2.00   1.00  89.00  44.00
  5.97 579.00   2.00   1.00  89.00  44.00
  6.08 613.00   2.00   1.00  89.00  44.00
  6.29 639.00   2.00   1.00  89.00  44.00
  6.24 674.00   2.00   1.00  89.00  44.00
  2.84 152.00   2.00   1.00  88.00  45.00
  3.25 174.00   2.00   1.00  88.00  45.00
  3.69 201.00   2.00   1.00  88.00  45.00
  4.16 227.00   2.00   1.00  88.00  45.00
  4.21 258.00   2.00   1.00  88.00  45.00
  4.30 469.00   2.00   1.00  89.00  45.00
  4.30 496.00   2.00   1.00  89.00  45.00
  4.45 528.00   2.00   1.00  89.00  45.00
  4.59 556.00   2.00   1.00  89.00  45.00
  4.74 579.00   2.00   1.00  89.00  45.00
  4.84 613.00   2.00   1.00  89.00  45.00
  4.64 639.00   2.00   1.00  89.00  45.00
  4.64 674.00   2.00   1.00  89.00  45.00
  4.33 152.00   2.00   1.00  88.00  46.00
  4.80 174.00   2.00   1.00  88.00  46.00
  5.09 201.00   2.00   1.00  88.00  46.00
  5.42 227.00   2.00   1.00  88.00  46.00
  5.61 258.00   2.00   1.00  88.00  46.00
  5.85 469.00   2.00   1.00  89.00  46.00
  5.88 496.00   2.00   1.00  89.00  46.00
  6.01 528.00   2.00   1.00  89.00  46.00
  6.22 556.00   2.00   1.00  89.00  46.00
  6.45 579.00   2.00   1.00  89.00  46.00
  6.55 613.00   2.00   1.00  89.00  46.00
  6.55 639.00   2.00   1.00  89.00  46.00
  6.55 674.00   2.00   1.00  89.00  46.00
  3.99 152.00   2.00   1.00  88.00  47.00
  4.55 174.00   2.00   1.00  88.00  47.00
  4.91 201.00   2.00   1.00  88.00  47.00
  5.26 227.00   2.00   1.00  88.00  47.00
  5.30 258.00   2.00   1.00  88.00  47.00
  5.69 469.00   2.00   1.00  89.00  47.00
  5.69 496.00   2.00   1.00  89.00  47.00
  5.90 528.00   2.00   1.00  89.00  47.00
  5.89 556.00   2.00   1.00  89.00  47.00
  5.98 579.00   2.00   1.00  89.00  47.00
  6.05 613.00   2.00   1.00  89.00  47.00
  6.25 639.00   2.00   1.00  89.00  47.00
  6.25 674.00   2.00   1.00  89.00  47.00
  3.50 152.00   2.00   1.00  88.00  48.00
  3.75 174.00   2.00   1.00  88.00  48.00
  3.97 201.00   2.00   1.00  88.00  48.00
  4.71 227.00   2.00   1.00  88.00  48.00
  4.85 258.00   2.00   1.00  88.00  48.00
  5.01 469.00   2.00   1.00  89.00  48.00
  5.02 496.00   2.00   1.00  89.00  48.00
  5.27 528.00   2.00   1.00  89.00  48.00
  5.45 556.00   2.00   1.00  89.00  48.00
  5.59 579.00   2.00   1.00  89.00  48.00
  5.67 613.00   2.00   1.00  89.00  48.00
  5.83 639.00   2.00   1.00  89.00  48.00
  5.86 674.00   2.00   1.00  89.00  48.00
  3.31 152.00   2.00   1.00  88.00  49.00
  3.45 174.00   2.00   1.00  88.00  49.00
  4.16 201.00   2.00   1.00  88.00  49.00
  4.48 227.00   2.00   1.00  88.00  49.00
  4.54 258.00   2.00   1.00  88.00  49.00
  4.72 469.00   2.00   1.00  89.00  49.00
  4.74 496.00   2.00   1.00  89.00  49.00
  4.93 528.00   2.00   1.00  89.00  49.00
  5.07 556.00   2.00   1.00  89.00  49.00
  5.26 579.00   2.00   1.00  89.00  49.00
  5.26 613.00   2.00   1.00  89.00  49.00
  5.35 639.00   2.00   1.00  89.00  49.00
  5.35 674.00   2.00   1.00  89.00  49.00
  3.03 152.00   2.00   1.00  88.00  50.00
  3.55 174.00   2.00   1.00  88.00  50.00
  3.97 201.00   2.00   1.00  88.00  50.00
  4.40 227.00   2.00   1.00  88.00  50.00
  4.58 258.00   2.00   1.00  88.00  50.00
  4.47 469.00   2.00   1.00  89.00  50.00
  4.47 496.00   2.00   1.00  89.00  50.00
  4.66 528.00   2.00   1.00  89.00  50.00
  4.80 556.00   2.00   1.00  89.00  50.00
  5.10 579.00   2.00   1.00  89.00  50.00
  5.08 613.00   2.00   1.00  89.00  50.00
  5.12 639.00   2.00   1.00  89.00  50.00
  5.12 674.00   2.00   1.00  89.00  50.00
  3.27 152.00   2.00   1.00  88.00  51.00
  3.83 174.00   2.00   1.00  88.00  51.00
  4.44 201.00   2.00   1.00  88.00  51.00
  4.80 227.00   2.00   1.00  88.00  51.00
  4.89 258.00   2.00   1.00  88.00  51.00
  5.08 469.00   2.00   1.00  89.00  51.00
  5.09 496.00   2.00   1.00  89.00  51.00
  5.34 528.00   2.00   1.00  89.00  51.00
  5.63 556.00   2.00   1.00  89.00  51.00
  5.81 579.00   2.00   1.00  89.00  51.00
  5.93 613.00   2.00   1.00  89.00  51.00
  5.94 639.00   2.00   1.00  89.00  51.00
  5.94 674.00   2.00   1.00  89.00  51.00
  3.56 152.00   2.00   1.00  88.00  52.00
  4.18 174.00   2.00   1.00  88.00  52.00
  4.70 201.00   2.00   1.00  88.00  52.00
  5.27 227.00   2.00   1.00  88.00  52.00
  5.28 258.00   2.00   1.00  88.00  52.00
  5.50 469.00   2.00   1.00  89.00  52.00
  5.50 496.00   2.00   1.00  89.00  52.00
  5.77 528.00   2.00   1.00  89.00  52.00
  5.98 556.00   2.00   1.00  89.00  52.00
  6.05 579.00   2.00   1.00  89.00  52.00
  6.19 613.00   2.00   1.00  89.00  52.00
  6.14 639.00   2.00   1.00  89.00  52.00
  6.14 674.00   2.00   1.00  89.00  52.00
  3.39 152.00   2.00   1.00  88.00  53.00
  3.73 174.00   2.00   1.00  88.00  53.00
  3.92 201.00   2.00   1.00  88.00  53.00
  4.11 227.00   2.00   1.00  88.00  53.00
  4.15 258.00   2.00   1.00  88.00  53.00
  4.49 469.00   2.00   1.00  89.00  53.00
  4.52 496.00   2.00   1.00  89.00  53.00
  4.82 528.00   2.00   1.00  89.00  53.00
  5.18 556.00   2.00   1.00  89.00  53.00
  5.26 579.00   2.00   1.00  89.00  53.00
  5.32 613.00   2.00   1.00  89.00  53.00
  5.28 639.00   2.00   1.00  89.00  53.00
  5.28 674.00   2.00   1.00  89.00  53.00
  3.72 152.00   2.00   1.00  88.00  54.00
  4.16 174.00   2.00   1.00  88.00  54.00
  4.55 201.00   2.00   1.00  88.00  54.00
  5.03 227.00   2.00   1.00  88.00  54.00
  5.02 258.00   2.00   1.00  88.00  54.00
  5.16 469.00   2.00   1.00  89.00  54.00
  5.16 496.00   2.00   1.00  89.00  54.00
  5.28 528.00   2.00   1.00  89.00  54.00
  5.52 556.00   2.00   1.00  89.00  54.00
  5.70 579.00   2.00   1.00  89.00  54.00
  5.70 613.00   2.00   1.00  89.00  54.00
  5.67 639.00   2.00   1.00  89.00  54.00
  5.67 674.00   2.00   1.00  89.00  54.00
  4.53 152.00   3.00   0.00  88.00  55.00
  5.05 174.00   3.00   0.00  88.00  55.00
  5.18 201.00   3.00   0.00  88.00  55.00
  5.41 227.00   3.00   0.00  88.00  55.00
  5.42 258.00   3.00   0.00  88.00  55.00
  5.71 469.00   3.00   0.00  89.00  55.00
  5.71 496.00   3.00   0.00  89.00  55.00
  5.96 528.00   3.00   0.00  89.00  55.00
  6.17 556.00   3.00   0.00  89.00  55.00
  6.34 579.00   3.00   0.00  89.00  55.00
  6.44 613.00   3.00   0.00  89.00  55.00
  6.46 639.00   3.00   0.00  89.00  55.00
  6.43 674.00   3.00   0.00  89.00  55.00
  4.97 152.00   3.00   0.00  88.00  56.00
  5.32 174.00   3.00   0.00  88.00  56.00
  5.83 201.00   3.00   0.00  88.00  56.00
  6.29 227.00   3.00   0.00  88.00  56.00
  6.45 258.00   3.00   0.00  88.00  56.00
  6.61 469.00   3.00   0.00  89.00  56.00
  6.61 496.00   3.00   0.00  89.00  56.00
  6.79 528.00   3.00   0.00  89.00  56.00
  7.13 556.00   3.00   0.00  89.00  56.00
  7.24 579.00   3.00   0.00  89.00  56.00
  7.32 613.00   3.00   0.00  89.00  56.00
  7.29 639.00   3.00   0.00  89.00  56.00
  7.35 674.00   3.00   0.00  89.00  56.00
  4.37 152.00   3.00   0.00  88.00  57.00
  4.81 174.00   3.00   0.00  88.00  57.00
  5.03 201.00   3.00   0.00  88.00  57.00
  5.19 227.00   3.00   0.00  88.00  57.00
  5.40 258.00   3.00   0.00  88.00  57.00
  5.57 469.00   3.00   0.00  89.00  57.00
  5.59 496.00   3.00   0.00  89.00  57.00
  5.82 528.00   3.00   0.00  89.00  57.00
  6.03 556.00   3.00   0.00  89.00  57.00
  6.17 579.00   3.00   0.00  89.00  57.00
  6.32 613.00   3.00   0.00  89.00  57.00
  6.25 639.00   3.00   0.00  89.00  57.00
  6.29 674.00   3.00   0.00  89.00  57.00
  4.58 152.00   3.00   0.00  88.00  58.00
  4.99 174.00   3.00   0.00  88.00  58.00
  5.37 201.00   3.00   0.00  88.00  58.00
  5.68 227.00   3.00   0.00  88.00  58.00
  5.93 258.00   3.00   0.00  88.00  58.00
  6.14 469.00   3.00   0.00  89.00  58.00
  6.17 496.00   3.00   0.00  89.00  58.00
  6.43 528.00   3.00   0.00  89.00  58.00
  6.56 556.00   3.00   0.00  89.00  58.00
  6.69 579.00   3.00   0.00  89.00  58.00
  6.81 613.00   3.00   0.00  89.00  58.00
  6.82 639.00   3.00   0.00  89.00  58.00
  6.76 674.00   3.00   0.00  89.00  58.00
  4.00 152.00   3.00   0.00  88.00  59.00
  4.50 174.00   3.00   0.00  88.00  59.00
  4.92 201.00   3.00   0.00  88.00  59.00
  5.44 227.00   3.00   0.00  88.00  59.00
  5.87 258.00   3.00   0.00  88.00  59.00
  6.02 469.00   3.00   0.00  89.00  59.00
  6.04 496.00   3.00   0.00  89.00  59.00
  6.11 528.00   3.00   0.00  89.00  59.00
  6.47 556.00   3.00   0.00  89.00  59.00
  6.61 579.00   3.00   0.00  89.00  59.00
  6.66 613.00   3.00   0.00  89.00  59.00
  6.70 639.00   3.00   0.00  89.00  59.00
  6.65 674.00   3.00   0.00  89.00  59.00
  4.73 152.00   3.00   0.00  88.00  60.00
  5.05 174.00   3.00   0.00  88.00  60.00
  5.33 201.00   3.00   0.00  88.00  60.00
  5.92 227.00   3.00   0.00  88.00  60.00
  6.01 258.00   3.00   0.00  88.00  60.00
  6.26 469.00   3.00   0.00  89.00  60.00
  6.26 496.00   3.00   0.00  89.00  60.00
  6.36 528.00   3.00   0.00  89.00  60.00
  6.49 556.00   3.00   0.00  89.00  60.00
  6.63 579.00   3.00   0.00  89.00  60.00
  6.92 613.00   3.00   0.00  89.00  60.00
  6.92 639.00   3.00   0.00  89.00  60.00
  6.92 674.00   3.00   0.00  89.00  60.00
  5.15 152.00   3.00   0.00  88.00  61.00
  5.63 174.00   3.00   0.00  88.00  61.00
  6.11 201.00   3.00   0.00  88.00  61.00
  6.39 227.00   3.00   0.00  88.00  61.00
  6.61 258.00   3.00   0.00  88.00  61.00
  6.82 469.00   3.00   0.00  89.00  61.00
  6.82 496.00   3.00   0.00  89.00  61.00
  6.95 528.00   3.00   0.00  89.00  61.00
  7.11 556.00   3.00   0.00  89.00  61.00
  7.44 579.00   3.00   0.00  89.00  61.00
  7.53 613.00   3.00   0.00  89.00  61.00
  7.46 639.00   3.00   0.00  89.00  61.00
  7.56 674.00   3.00   0.00  89.00  61.00
  4.10 152.00   3.00   0.00  88.00  62.00
  4.46 174.00   3.00   0.00  88.00  62.00
  4.84 201.00   3.00   0.00  88.00  62.00
  5.29 227.00   3.00   0.00  88.00  62.00
  5.48 258.00   3.00   0.00  88.00  62.00
  5.68 469.00   3.00   0.00  89.00  62.00
  5.68 496.00   3.00   0.00  89.00  62.00
  5.85 528.00   3.00   0.00  89.00  62.00
  5.99 556.00   3.00   0.00  89.00  62.00
  6.08 579.00   3.00   0.00  89.00  62.00
  6.25 613.00   3.00   0.00  89.00  62.00
  6.15 639.00   3.00   0.00  89.00  62.00
  6.18 674.00   3.00   0.00  89.00  62.00
  3.22 152.00   3.00   0.00  88.00  63.00
  3.85 174.00   3.00   0.00  88.00  63.00
  4.47 201.00   3.00   0.00  88.00  63.00
  4.85 227.00   3.00   0.00  88.00  63.00
  5.11 258.00   3.00   0.00  88.00  63.00
  5.28 469.00   3.00   0.00  89.00  63.00
  5.28 496.00   3.00   0.00  89.00  63.00
  5.45 528.00   3.00   0.00  89.00  63.00
  5.74 556.00   3.00   0.00  89.00  63.00
  5.95 579.00   3.00   0.00  89.00  63.00
  6.05 613.00   3.00   0.00  89.00  63.00
  6.07 639.00   3.00   0.00  89.00  63.00
  6.02 674.00   3.00   0.00  89.00  63.00
  2.23 152.00   3.00   0.00  88.00  64.00
  2.89 174.00   3.00   0.00  88.00  64.00
  3.16 201.00   3.00   0.00  88.00  64.00
  3.40 227.00   3.00   0.00  88.00  64.00
  3.52 258.00   3.00   0.00  88.00  64.00
  3.89 469.00   3.00   0.00  89.00  64.00
  3.93 496.00   3.00   0.00  89.00  64.00
  4.22 528.00   3.00   0.00  89.00  64.00
  4.51 556.00   3.00   0.00  89.00  64.00
  4.65 579.00   3.00   0.00  89.00  64.00
  4.70 613.00   3.00   0.00  89.00  64.00
  4.73 639.00   3.00   0.00  89.00  64.00
  4.68 674.00   3.00   0.00  89.00  64.00
  3.65 152.00   3.00   0.00  88.00  65.00
  4.36 174.00   3.00   0.00  88.00  65.00
  4.76 201.00   3.00   0.00  88.00  65.00
  5.18 227.00   3.00   0.00  88.00  65.00
  5.44 258.00   3.00   0.00  88.00  65.00
  5.70 469.00   3.00   0.00  89.00  65.00
  5.70 496.00   3.00   0.00  89.00  65.00
  5.89 528.00   3.00   0.00  89.00  65.00
  6.09 556.00   3.00   0.00  89.00  65.00
  6.39 579.00   3.00   0.00  89.00  65.00
  6.57 613.00   3.00   0.00  89.00  65.00
  6.36 639.00   3.00   0.00  89.00  65.00
  6.44 674.00   3.00   0.00  89.00  65.00
  3.40 152.00   3.00   0.00  88.00  66.00
  3.92 174.00   3.00   0.00  88.00  66.00
  4.50 201.00   3.00   0.00  88.00  66.00
  4.97 227.00   3.00   0.00  88.00  66.00
  5.14 258.00   3.00   0.00  88.00  66.00
  5.34 469.00   3.00   0.00  89.00  66.00
  5.35 496.00   3.00   0.00  89.00  66.00
  5.61 528.00   3.00   0.00  89.00  66.00
  5.83 556.00   3.00   0.00  89.00  66.00
  6.03 579.00   3.00   0.00  89.00  66.00
  6.09 613.00   3.00   0.00  89.00  66.00
  5.98 639.00   3.00   0.00  89.00  66.00
  5.95 674.00   3.00   0.00  89.00  66.00
  5.16 152.00   4.00   0.00  88.00  67.00
  5.49 174.00   4.00   0.00  88.00  67.00
  5.74 201.00   4.00   0.00  88.00  67.00
  6.05 227.00   4.00   0.00  88.00  67.00
  6.21 258.00   4.00   0.00  88.00  67.00
  6.37 469.00   4.00   0.00  89.00  67.00
  6.37 496.00   4.00   0.00  89.00  67.00
  6.52 528.00   4.00   0.00  89.00  67.00
  6.65 556.00   4.00   0.00  89.00  67.00
  6.86 579.00   4.00   0.00  89.00  67.00
  6.87 613.00   4.00   0.00  89.00  67.00
  6.88 639.00   4.00   0.00  89.00  67.00
  6.84 674.00   4.00   0.00  89.00  67.00
  4.04 152.00   4.00   0.00  88.00  68.00
  4.52 174.00   4.00   0.00  88.00  68.00
  5.15 201.00   4.00   0.00  88.00  68.00
  5.59 227.00   4.00   0.00  88.00  68.00
  5.87 258.00   4.00   0.00  88.00  68.00
  5.96 469.00   4.00   0.00  89.00  68.00
  5.96 496.00   4.00   0.00  89.00  68.00
  6.17 528.00   4.00   0.00  89.00  68.00
  6.37 556.00   4.00   0.00  89.00  68.00
  6.53 579.00   4.00   0.00  89.00  68.00
  6.60 613.00   4.00   0.00  89.00  68.00
  6.52 639.00   4.00   0.00  89.00  68.00
  6.59 674.00   4.00   0.00  89.00  68.00
  4.52 152.00   4.00   0.00  88.00  69.00
  4.91 174.00   4.00   0.00  88.00  69.00
  5.04 201.00   4.00   0.00  88.00  69.00
  5.71 227.00   4.00   0.00  88.00  69.00
  5.97 258.00   4.00   0.00  88.00  69.00
  6.11 469.00   4.00   0.00  89.00  69.00
  6.12 496.00   4.00   0.00  89.00  69.00
  6.24 528.00   4.00   0.00  89.00  69.00
  6.44 556.00   4.00   0.00  89.00  69.00
  6.54 579.00   4.00   0.00  89.00  69.00
  6.65 613.00   4.00   0.00  89.00  69.00
  6.63 639.00   4.00   0.00  89.00  69.00
  6.64 674.00   4.00   0.00  89.00  69.00
  4.56 152.00   4.00   0.00  88.00  70.00
  5.12 174.00   4.00   0.00  88.00  70.00
  5.40 201.00   4.00   0.00  88.00  70.00
  5.69 227.00   4.00   0.00  88.00  70.00
  5.89 258.00   4.00   0.00  88.00  70.00
  6.16 469.00   4.00   0.00  89.00  70.00
  6.17 496.00   4.00   0.00  89.00  70.00
  6.13 528.00   4.00   0.00  89.00  70.00
  6.44 556.00   4.00   0.00  89.00  70.00
  6.72 579.00   4.00   0.00  89.00  70.00
  6.81 613.00   4.00   0.00  89.00  70.00
  6.87 639.00   4.00   0.00  89.00  70.00
  6.80 674.00   4.00   0.00  89.00  70.00
  4.90 152.00   4.00   0.00  88.00  71.00
  5.35 174.00   4.00   0.00  88.00  71.00
  5.71 201.00   4.00   0.00  88.00  71.00
  6.12 227.00   4.00   0.00  88.00  71.00
  6.25 258.00   4.00   0.00  88.00  71.00
  6.39 469.00   4.00   0.00  89.00  71.00
  6.39 496.00   4.00   0.00  89.00  71.00
  6.52 528.00   4.00   0.00  89.00  71.00
  6.86 556.00   4.00   0.00  89.00  71.00
  7.05 579.00   4.00   0.00  89.00  71.00
  7.09 613.00   4.00   0.00  89.00  71.00
  6.90 639.00   4.00   0.00  89.00  71.00
  6.88 674.00   4.00   0.00  89.00  71.00
  4.83 152.00   4.00   0.00  88.00  72.00
  5.10 174.00   4.00   0.00  88.00  72.00
  5.43 201.00   4.00   0.00  88.00  72.00
  5.59 227.00   4.00   0.00  88.00  72.00
  6.04 258.00   4.00   0.00  88.00  72.00
  6.21 469.00   4.00   0.00  89.00  72.00
  6.21 496.00   4.00   0.00  89.00  72.00
  6.46 528.00   4.00   0.00  89.00  72.00
  6.45 556.00   4.00   0.00  89.00  72.00
  6.59 579.00   4.00   0.00  89.00  72.00
  6.70 613.00   4.00   0.00  89.00  72.00
  6.63 639.00   4.00   0.00  89.00  72.00
  6.66 674.00   4.00   0.00  89.00  72.00
  5.46 152.00   4.00   0.00  88.00  73.00
  5.79 174.00   4.00   0.00  88.00  73.00
  6.12 201.00   4.00   0.00  88.00  73.00
  6.41 227.00   4.00   0.00  88.00  73.00
  6.63 258.00   4.00   0.00  88.00  73.00
  6.73 469.00   4.00   0.00  89.00  73.00
  6.73 496.00   4.00   0.00  89.00  73.00
  6.77 528.00   4.00   0.00  89.00  73.00
  6.68 556.00   4.00   0.00  89.00  73.00
  6.75 579.00   4.00   0.00  89.00  73.00
  6.75 613.00   4.00   0.00  89.00  73.00
  6.62 639.00   4.00   0.00  89.00  73.00
  6.60 674.00   4.00   0.00  89.00  73.00
  4.17 152.00   4.00   0.00  88.00  74.00
  4.67 174.00   4.00   0.00  88.00  74.00
  5.16 201.00   4.00   0.00  88.00  74.00
  5.56 227.00   4.00   0.00  88.00  74.00
  5.75 258.00   4.00   0.00  88.00  74.00
  6.00 469.00   4.00   0.00  89.00  74.00
  6.02 496.00   4.00   0.00  89.00  74.00
  6.14 528.00   4.00   0.00  89.00  74.00
  6.28 556.00   4.00   0.00  89.00  74.00
  6.55 579.00   4.00   0.00  89.00  74.00
  6.66 613.00   4.00   0.00  89.00  74.00
  6.63 639.00   4.00   0.00  89.00  74.00
  6.63 674.00   4.00   0.00  89.00  74.00
  3.35 152.00   4.00   0.00  88.00  75.00
  4.05 174.00   4.00   0.00  88.00  75.00
  4.51 201.00   4.00   0.00  88.00  75.00
  5.22 227.00   4.00   0.00  88.00  75.00
  5.44 258.00   4.00   0.00  88.00  75.00
  5.79 469.00   4.00   0.00  89.00  75.00
  5.82 496.00   4.00   0.00  89.00  75.00
  6.05 528.00   4.00   0.00  89.00  75.00
  6.29 556.00   4.00   0.00  89.00  75.00
  6.22 579.00   4.00   0.00  89.00  75.00
  6.39 613.00   4.00   0.00  89.00  75.00
  6.47 639.00   4.00   0.00  89.00  75.00
  6.42 674.00   4.00   0.00  89.00  75.00
  3.33 152.00   4.00   0.00  88.00  76.00
  3.82 174.00   4.00   0.00  88.00  76.00
  4.38 201.00   4.00   0.00  88.00  76.00
  4.99 227.00   4.00   0.00  88.00  76.00
  5.17 258.00   4.00   0.00  88.00  76.00
  5.40 469.00   4.00   0.00  89.00  76.00
  5.40 496.00   4.00   0.00  89.00  76.00
  5.73 528.00   4.00   0.00  89.00  76.00
  5.85 556.00   4.00   0.00  89.00  76.00
  5.75 579.00   4.00   0.00  89.00  76.00
  5.99 613.00   4.00   0.00  89.00  76.00
  6.10 639.00   4.00   0.00  89.00  76.00
  6.15 674.00   4.00   0.00  89.00  76.00
  3.41 152.00   4.00   0.00  88.00  77.00
  3.68 174.00   4.00   0.00  88.00  77.00
  4.03 201.00   4.00   0.00  88.00  77.00
  4.28 227.00   4.00   0.00  88.00  77.00
  4.54 258.00   4.00   0.00  88.00  77.00
  4.52 469.00   4.00   0.00  89.00  77.00
  4.57 496.00   4.00   0.00  89.00  77.00
  5.01 528.00   4.00   0.00  89.00  77.00
  5.13 556.00   4.00   0.00  89.00  77.00
  5.11 579.00   4.00   0.00  89.00  77.00
  5.30 613.00   4.00   0.00  89.00  77.00
  5.46 639.00   4.00   0.00  89.00  77.00
  5.35 674.00   4.00   0.00  89.00  77.00
  4.50 152.00   4.00   0.00  88.00  78.00
  4.80 174.00   4.00   0.00  88.00  78.00
  5.28 201.00   4.00   0.00  88.00  78.00
  5.83 227.00   4.00   0.00  88.00  78.00
  6.16 258.00   4.00   0.00  88.00  78.00
  6.33 469.00   4.00   0.00  89.00  78.00
  6.34 496.00   4.00   0.00  89.00  78.00
  6.56 528.00   4.00   0.00  89.00  78.00
  6.63 556.00   4.00   0.00  89.00  78.00
  6.75 579.00   4.00   0.00  89.00  78.00
  6.89 613.00   4.00   0.00  89.00  78.00
  6.96 639.00   4.00   0.00  89.00  78.00
  6.94 674.00   4.00   0.00  89.00  78.00
  2.99 152.00   4.00   0.00  88.00  79.00
  3.61 174.00   4.00   0.00  88.00  79.00
  4.48 201.00   4.00   0.00  88.00  79.00
  4.91 227.00   4.00   0.00  88.00  79.00
  5.06 258.00   4.00   0.00  88.00  79.00
  5.23 469.00   4.00   0.00  89.00  79.00
  5.25 496.00   4.00   0.00  89.00  79.00
  5.56 528.00   4.00   0.00  89.00  79.00
  5.95 556.00   4.00   0.00  89.00  79.00
  5.98 579.00   4.00   0.00  89.00  79.00
  6.21 613.00   4.00   0.00  89.00  79.00
  6.28 639.00   4.00   0.00  89.00  79.00
  6.34 674.00   4.00   0.00  89.00  79.00
